100
39 9
38 21
44 22
33 21
7 2
44 8
61 23
59 23
54 38
18 1
19 10
5 4
51 45
38 7
57 35
21 6
39 21
59 23
43 14
15 6
12 6
3 2
51 21
17 6
28 12
24 15
14 2
38 19
59 27
49 22
24 11
39 9
8 3
44 15
4 0
53 18
48 20
19 1
26 16
21 12
35 13
11 4
11 5
14 4
60 44
42 8
60 17
53 14
1 0
50 31
32 20
20 9
26 8
56 17
59 35
59 32
28 2
51 13
39 15
53 17
30 15
59 24
63 17
20 4
5 1
44 11
60 19
44 22
19 10
18 9
27 3
25 18
22 3
34 26
29 7
15 0
59 20
34 9
48 26
33 9
35 17
43 21
22 8
3 2
38 14
43 25
36 20
50 34
52 20
9 4
63 32
34 13
11 0
26 12
60 22
5 4
50 32
35 9
4 1
61 28