44
8.434765898	0.01078732498
9.442221716	0.0147297103
8.635162132	1.0
7.579311604	1.0
-1.0	0.0006359054823
-1.0	0.003584388644
6.640596772	0.009428315796
7.126034008	0.003253661096
7.733643361	0.03672889993
-1.0	0.02562732622
-1.0	0.04798623547
-1.0	0.03263763338
9.279381907	0.009803864174
9.768494783	0.0153117869
6.784749124	0.03740957379
-1.0	0.01142563019
9.030236257	0.02176581882
6.82964428	0.01191695407
7.147426039	0.003764007473
9.287139892	0.00561858993
9.505479535	0.01523672324
9.458600279	0.01597399637
9.074000177	0.004079168662
9.390667049	0.003540791571
8.750092408	0.1055940017
8.16944059	0.06436023861
9.148076011	1.0
8.00125797	1.0
9.11951214	0.01170800719
9.675349582	0.0175351724
6.256093262	0.1325674802
-1.0	0.1275700033
9.454896306	0.007198700216
-1.0	0.009261741303
9.13930826	0.001908036531
9.57141236	0.003408041783
-1.0	0.0123659689
-1.0	0.01914560422
-1.0	0.003014938906
-1.0	0.007354553323
-1.0	0.004985847976
-1.0	0.01066804118
7.971281874	0.008752648719
7.820026027	0.01565766521